0.36658169230194515, 0.01668684375462659
0.0003467230794986509, 0.7221678632256316
0.009967804285475126, 0.6900346861436675
0.038796666145521325, 0.5222782722509468
0.07306946775378509, 0.45302995294472514
0.10736987161837772, 0.44106814505919634
0.1412785171431457, 0.41603988560628813
0.17596438409611947, 0.40407918457815606
0.2098710926204433, 0.37503081906063807
0.24417294923536909, 0.3660840907235666
0.2784743216001837, 0.3561323358703429
0.3127878002177742, 0.3713062439209318
0.0004314668489291962, 0.8980475035523207
0.010434137142398589, 0.857875221198533
0.03885816590962232, 0.6499166398023154
0.07312273526599858, 0.563582869721501
0.10742168638025812, 0.5486059822875147
0.14171240524263007, 0.5165436440789356
0.1760118406070006, 0.5025717831611018
0.20991515938054728, 0.46648823203051626
0.24383010015675866, 0.4545253172875907
0.27813050402135125, 0.442563509402062
0.31244543538927483, 0.46075249700110843
0.36658169230194515, 0.01668684375462659
