elements
C O
end

species
C CO CO2 C2 O O2
end

thermo nasa9                                                                          
   200.000  1000.000  6000.000 20000.000   9/09/04
C                 Hf:Douglas,1955. Moore,1970b. Gordon,1999.                    
 3 g 7/97 C   1.00    0.00    0.00    0.00    0.00 0   12.0107000     716680.000
    200.000   1000.0007 -2.0 -1.0  0.0  1.0  2.0  3.0  4.0  0.0         6535.895
 6.495031470D+02-9.649010860D-01 2.504675479D+00-1.281448025D-05 1.980133654D-08
-1.606144025D-11 5.314483411D-15                 8.545763110D+04 4.747924288D+00
   1000.000   6000.0007 -2.0 -1.0  0.0  1.0  2.0  3.0  4.0  0.0         6535.895
-1.289136472D+05 1.719528572D+02 2.646044387D+00-3.353068950D-04 1.742092740D-07
-2.902817829D-11 1.642182385D-15                 8.410597850D+04 4.130047418D+00
   6000.000  20000.0007 -2.0 -1.0  0.0  1.0  2.0  3.0  4.0  0.0         6535.895
 4.432528010D+08-2.886018412D+05 7.737108320D+01-9.715281890D-03 6.649595330D-07
-2.230078776D-11 2.899388702D-16                 2.355273444D+06-6.405123160D+02
CO                Gurvich,1979 pt1 p25 pt2 p29.                                 
 3 tpis79 C   1.00O   1.00    0.00    0.00    0.00 0   28.0101000    -110535.196
    200.000   1000.0007 -2.0 -1.0  0.0  1.0  2.0  3.0  4.0  0.0         8671.104
 1.489045326D+04-2.922285939D+02 5.724527170D+00-8.176235030D-03 1.456903469D-05
-1.087746302D-08 3.027941827D-12                -1.303131878D+04-7.859241350D+00
   1000.000   6000.0007 -2.0 -1.0  0.0  1.0  2.0  3.0  4.0  0.0         8671.104
 4.619197250D+05-1.944704863D+03 5.916714180D+00-5.664282830D-04 1.398814540D-07
-1.787680361D-11 9.620935570D-16                -2.466261084D+03-1.387413108D+01
   6000.000  20000.0007 -2.0 -1.0  0.0  1.0  2.0  3.0  4.0  0.0         8671.104
 8.868662960D+08-7.500377840D+05 2.495474979D+02-3.956351100D-02 3.297772080D-06
-1.318409933D-10 1.998937948D-15                 5.701421130D+06-2.060704786D+03
CO2               Gurvich,1991 pt1 p27 pt2 p24.                                 
 3 g 9/99 C   1.00O   2.00    0.00    0.00    0.00 0   44.0095000    -393510.000
    200.000   1000.0007 -2.0 -1.0  0.0  1.0  2.0  3.0  4.0  0.0         9365.469
 4.943650540D+04-6.264116010D+02 5.301725240D+00 2.503813816D-03-2.127308728D-07
-7.689988780D-10 2.849677801D-13                -4.528198460D+04-7.048279440D+00
   1000.000   6000.0007 -2.0 -1.0  0.0  1.0  2.0  3.0  4.0  0.0         9365.469
 1.176962419D+05-1.788791477D+03 8.291523190D+00-9.223156780D-05 4.863676880D-09
-1.891053312D-12 6.330036590D-16                -3.908350590D+04-2.652669281D+01
   6000.000  20000.0007 -2.0 -1.0  0.0  1.0  2.0  3.0  4.0  0.0         9365.469
-1.544423287D+09 1.016847056D+06-2.561405230D+02 3.369401080D-02-2.181184337D-06
 6.991420840D-11-8.842351500D-16                -8.043214510D+06 2.254177493D+03
C2                Gurvich,1991 pt1 p9 pt2 p8.                                   
 3 tpis91 C   2.00    0.00    0.00    0.00    0.00 0   24.0214000     830457.322
    200.000   1000.0007 -2.0 -1.0  0.0  1.0  2.0  3.0  4.0  0.0        10169.122
 5.559634510D+05-9.980126440D+03 6.681620370D+01-1.743432724D-01 2.448523051D-04
-1.703467580D-07 4.684527730D-11                 1.445869634D+05-3.448229700D+02
   1000.000   6000.0007 -2.0 -1.0  0.0  1.0  2.0  3.0  4.0  0.0        10169.122
-9.689267930D+05 3.561092990D+03-5.064138930D-01 2.945154879D-03-7.139441190D-07
 8.670657250D-11-4.076906810D-15                 7.681796830D+04 3.339985240D+01
   6000.000  20000.0007 -2.0 -1.0  0.0  1.0  2.0  3.0  4.0  0.0        10169.122
 6.315145920D+06 1.365420661D+04-3.996903670D+00 1.937561376D-03-1.584446580D-07
 5.520861660D-12-7.253735340D-17                 9.387024990D+03 6.614329920D+01
O                 D0(O2):Brix,1954. Moore,1976. Gordon,1999.                    
 3 g 5/97 O   1.00    0.00    0.00    0.00    0.00 0   15.9994000     249175.003
    200.000   1000.0007 -2.0 -1.0  0.0  1.0  2.0  3.0  4.0  0.0         6725.403
-7.953611300D+03 1.607177787D+02 1.966226438D+00 1.013670310D-03-1.110415423D-06
 6.517507500D-10-1.584779251D-13                 2.840362437D+04 8.404241820D+00
   1000.000   6000.0007 -2.0 -1.0  0.0  1.0  2.0  3.0  4.0  0.0         6725.403
 2.619020262D+05-7.298722030D+02 3.317177270D+00-4.281334360D-04 1.036104594D-07
-9.438304330D-12 2.725038297D-16                 3.392428060D+04-6.679585350D-01
   6000.000  20000.0007 -2.0 -1.0  0.0  1.0  2.0  3.0  4.0  0.0         6725.403
 1.779004264D+08-1.082328257D+05 2.810778365D+01-2.975232262D-03 1.854997534D-07
-5.796231540D-12 7.191720164D-17                 8.890942630D+05-2.181728151D+02
O2                Ref-Elm. Gurvich,1989 pt1 p94 pt2 p9.                         
 3 tpis89 O   2.00    0.00    0.00    0.00    0.00 0   31.9988000          0.000
    200.000   1000.0007 -2.0 -1.0  0.0  1.0  2.0  3.0  4.0  0.0         8680.104
-3.425563420D+04 4.847000970D+02 1.119010961D+00 4.293889240D-03-6.836300520D-07
-2.023372700D-09 1.039040018D-12                -3.391454870D+03 1.849699470D+01
   1000.000   6000.0007 -2.0 -1.0  0.0  1.0  2.0  3.0  4.0  0.0         8680.104
-1.037939022D+06 2.344830282D+03 1.819732036D+00 1.267847582D-03-2.188067988D-07
 2.053719572D-11-8.193467050D-16                -1.689010929D+04 1.738716506D+01
   6000.000  20000.0007 -2.0 -1.0  0.0  1.0  2.0  3.0  4.0  0.0         8680.104
 4.975294300D+08-2.866106874D+05 6.690352250D+01-6.169959020D-03 3.016396027D-07
-7.421416600D-12 7.278175770D-17                 2.293554027D+06-5.530621610D+02
END